CONTACT;RES1:ATOM;RES2:ATOM;DIST
HY;A:2-PHE:CB;A:11-CYS:CB;4.5
HY;A:2-PHE:CB;A:33-CYS:CB;3.6
HB;A:2-PHE:O;A:11-CYS:N;2.8
HY;A:2-PHE:CG;A:33-CYS:CB;4.0
HY;A:2-PHE:CD1;A:14-HIS:CB;4.2
AR;A:2-PHE:CD1;A:14-HIS:CG;3.5
AR;A:2-PHE:CD1;A:14-HIS:CD2;3.3
AR;A:2-PHE:CD1;A:14-HIS:ND1;3.6
AR;A:2-PHE:CD1;A:14-HIS:CE1;3.6
AR;A:2-PHE:CD1;A:14-HIS:NE2;3.4
HY;A:2-PHE:CD2;A:33-CYS:CB;4.3
AR;A:2-PHE:CE1;A:14-HIS:CG;3.7
AR;A:2-PHE:CE1;A:14-HIS:CD2;3.3
AR;A:2-PHE:CE1;A:14-HIS:ND1;3.5
AR;A:2-PHE:CE1;A:14-HIS:CE1;3.0
AR;A:2-PHE:CE1;A:14-HIS:NE2;2.8
AR;A:2-PHE:CZ;A:14-HIS:NE2;3.8
HB;A:3-GLY:O;A:6-PHE:N;3.2
HB;A:3-GLY:O;A:7-ASN:N;2.2
HB;A:3-GLY:O;A:8-GLN:N;3.7
HB;A:4-CYS:N;A:25-CYS:SG;3.8
HY;A:4-CYS:CB;A:25-CYS:CB;3.4
HB;A:4-CYS:SG;A:25-CYS:N;3.8
HB;A:4-CYS:SG;A:25-CYS:SG;1.6
HB;A:4-CYS:SG;A:30-LYS:O;3.8
HY;A:5-PRO:CB;A:30-LYS:CB;3.5
HY;A:5-PRO:CB;A:30-LYS:CD;4.5
HB;A:5-PRO:O;A:8-GLN:NE2;3.9
HY;A:5-PRO:CG;A:6-PHE:CG;4.4
HY;A:5-PRO:CG;A:6-PHE:CD2;4.0
HY;A:5-PRO:CG;A:6-PHE:CE2;4.0
HY;A:5-PRO:CG;A:6-PHE:CZ;4.3
HB;A:6-PHE:N;A:3-GLY:O;3.2
HY;A:6-PHE:CG;A:5-PRO:CG;4.4
HY;A:6-PHE:CD2;A:5-PRO:CG;4.0
HY;A:6-PHE:CE2;A:5-PRO:CG;4.0
HY;A:6-PHE:CZ;A:5-PRO:CG;4.3
HB;A:7-ASN:N;A:3-GLY:O;2.2
HY;A:7-ASN:CB;A:10-ALA:CB;4.1
HB;A:7-ASN:O;A:10-ALA:N;3.1
HB;A:7-ASN:O;A:11-CYS:N;3.5
HB;A:7-ASN:OD1;A:8-GLN:N;3.8
HB;A:7-ASN:OD1;A:9-GLY:N;3.6
HB;A:7-ASN:OD1;A:10-ALA:N;3.3
HB;A:8-GLN:N;A:3-GLY:O;3.7
HB;A:8-GLN:O;A:11-CYS:N;3.1
HB;A:8-GLN:O;A:12-HIS:N;2.9
HY;A:8-GLN:CG;A:25-CYS:CB;4.1
HB;A:8-GLN:NE2;A:5-PRO:O;3.9
HB;A:9-GLY:O;A:12-HIS:N;3.3
HB;A:9-GLY:O;A:13-ARG:N;2.8
HB;A:9-GLY:O;A:13-ARG:NE;3.7
HB;A:10-ALA:N;A:7-ASN:O;3.1
HB;A:10-ALA:N;A:7-ASN:OD1;3.3
HY;A:10-ALA:CB;A:7-ASN:CB;4.1
HB;A:10-ALA:O;A:13-ARG:N;3.4
HB;A:10-ALA:O;A:14-HIS:N;2.9
HB;A:11-CYS:N;A:2-PHE:O;2.8
HB;A:11-CYS:N;A:7-ASN:O;3.5
HB;A:11-CYS:N;A:8-GLN:O;3.1
HY;A:11-CYS:CB;A:2-PHE:CB;4.5
HY;A:11-CYS:CB;A:33-CYS:CB;3.8
HB;A:11-CYS:O;A:14-HIS:N;3.2
HB;A:11-CYS:O;A:15-CYS:N;2.9
HB;A:11-CYS:O;A:15-CYS:SG;3.4
HB;A:11-CYS:O;A:33-CYS:SG;3.8
HB;A:11-CYS:SG;A:12-HIS:N;3.9
HB;A:11-CYS:SG;A:24-TYR:N;3.8
HB;A:11-CYS:SG;A:24-TYR:O;3.7
HB;A:11-CYS:SG;A:33-CYS:SG;1.3
HB;A:12-HIS:N;A:8-GLN:O;2.9
HB;A:12-HIS:N;A:9-GLY:O;3.3
HB;A:12-HIS:N;A:23-GLY:O;3.7
HB;A:12-HIS:O;A:15-CYS:N;3.3
HB;A:12-HIS:O;A:16-ARG:N;3.0
RE;A:12-HIS:ND1;A:16-ARG:NE;5.9
HB;A:12-HIS:ND1;A:23-GLY:N;3.7
RE;A:12-HIS:NE2;A:16-ARG:NE;4.3
RE;A:12-HIS:NE2;A:16-ARG:NH1;4.3
RE;A:12-HIS:NE2;A:16-ARG:NH2;5.9
RE;A:12-HIS:NE2;A:16-ARG:CZ;4.7
HB;A:13-ARG:N;A:9-GLY:O;2.8
HB;A:13-ARG:N;A:10-ALA:O;3.4
HB;A:13-ARG:O;A:16-ARG:N;3.3
HB;A:13-ARG:O;A:17-SER:N;2.9
HB;A:13-ARG:NE;A:9-GLY:O;3.7
HB;A:14-HIS:N;A:10-ALA:O;2.9
HB;A:14-HIS:N;A:11-CYS:O;3.2
HY;A:14-HIS:CB;A:2-PHE:CD1;4.2
HB;A:14-HIS:O;A:17-SER:N;3.1
HB;A:14-HIS:O;A:18-ILE:N;3.3
AR;A:14-HIS:CG;A:2-PHE:CD1;3.5
AR;A:14-HIS:CG;A:2-PHE:CE1;3.7
AR;A:14-HIS:CD2;A:2-PHE:CD1;3.3
AR;A:14-HIS:CD2;A:2-PHE:CE1;3.3
AR;A:14-HIS:ND1;A:2-PHE:CD1;3.6
AR;A:14-HIS:ND1;A:2-PHE:CE1;3.5
AR;A:14-HIS:CE1;A:2-PHE:CD1;3.6
AR;A:14-HIS:CE1;A:2-PHE:CE1;3.0
AR;A:14-HIS:NE2;A:2-PHE:CD1;3.4
AR;A:14-HIS:NE2;A:2-PHE:CE1;2.8
AR;A:14-HIS:NE2;A:2-PHE:CZ;3.8
HB;A:15-CYS:N;A:11-CYS:O;2.9
HB;A:15-CYS:N;A:12-HIS:O;3.3
HY;A:15-CYS:CB;A:20-ARG:CB;4.0
HY;A:15-CYS:CB;A:35-CYS:CB;3.8
HB;A:15-CYS:O;A:18-ILE:N;3.2
HB;A:15-CYS:O;A:19-ARG:N;3.5
HB;A:15-CYS:O;A:20-ARG:N;2.8
HB;A:15-CYS:SG;A:11-CYS:O;3.4
HB;A:15-CYS:SG;A:22-GLY:O;3.8
HB;A:15-CYS:SG;A:23-GLY:N;3.7
HB;A:15-CYS:SG;A:33-CYS:SG;3.9
HB;A:15-CYS:SG;A:35-CYS:N;3.9
HB;A:15-CYS:SG;A:35-CYS:SG;1.8
HB;A:16-ARG:N;A:12-HIS:O;3.0
HB;A:16-ARG:N;A:13-ARG:O;3.3
HB;A:16-ARG:O;A:19-ARG:N;3.2
RE;A:16-ARG:NE;A:12-HIS:ND1;5.9
RE;A:16-ARG:NE;A:12-HIS:NE2;4.3
RE;A:16-ARG:NH1;A:12-HIS:NE2;4.3
RE;A:16-ARG:NH2;A:12-HIS:NE2;5.9
RE;A:16-ARG:CZ;A:12-HIS:NE2;4.7
HB;A:17-SER:N;A:13-ARG:O;2.9
HB;A:17-SER:N;A:14-HIS:O;3.1
HB;A:17-SER:OG;A:18-ILE:N;3.9
HB;A:18-ILE:N;A:14-HIS:O;3.3
HB;A:18-ILE:N;A:15-CYS:O;3.2
HY;A:18-ILE:CG1;A:20-ARG:CB;4.2
HY;A:18-ILE:CG1;A:20-ARG:CG;3.5
HY;A:18-ILE:CD1;A:20-ARG:CB;4.5
HY;A:18-ILE:CD1;A:20-ARG:CG;3.4
HY;A:18-ILE:CD1;A:35-CYS:CB;4.5
HB;A:19-ARG:N;A:15-CYS:O;3.5
HB;A:19-ARG:N;A:16-ARG:O;3.2
HB;A:20-ARG:N;A:15-CYS:O;2.8
HY;A:20-ARG:CB;A:15-CYS:CB;4.0
HY;A:20-ARG:CB;A:18-ILE:CG1;4.2
HY;A:20-ARG:CB;A:18-ILE:CD1;4.5
HY;A:20-ARG:CB;A:35-CYS:CB;4.1
HY;A:20-ARG:CG;A:18-ILE:CG1;3.5
HY;A:20-ARG:CG;A:18-ILE:CD1;3.4
HY;A:20-ARG:CG;A:35-CYS:CB;3.9
RE;A:20-ARG:NE;A:37-ARG:NE;5.7
HB;A:21-ARG:N;A:36-TYR:O;3.1
HY;A:21-ARG:CB;A:36-TYR:CD2;4.2
HY;A:21-ARG:CB;A:36-TYR:CE2;4.0
HY;A:21-ARG:CG;A:36-TYR:CE2;4.2
HB;A:22-GLY:N;A:36-TYR:O;3.6
HB;A:22-GLY:O;A:15-CYS:SG;3.8
HB;A:22-GLY:O;A:36-TYR:N;2.8
HB;A:23-GLY:N;A:12-HIS:ND1;3.7
HB;A:23-GLY:N;A:15-CYS:SG;3.7
HB;A:23-GLY:O;A:12-HIS:N;3.7
HB;A:24-TYR:N;A:11-CYS:SG;3.8
HB;A:24-TYR:N;A:34-THR:O;2.8
HB;A:24-TYR:O;A:11-CYS:SG;3.7
HB;A:24-TYR:O;A:34-THR:N;2.6
HY;A:24-TYR:CD1;A:36-TYR:CD1;3.5
AR;A:24-TYR:CD1;A:36-TYR:CD1;3.5
HY;A:24-TYR:CD1;A:36-TYR:CE1;3.8
AR;A:24-TYR:CD1;A:36-TYR:CE1;3.8
HY;A:24-TYR:CD2;A:26-ALA:CB;4.2
HY;A:24-TYR:CE1;A:34-THR:CG2;4.1
HY;A:24-TYR:CE1;A:36-TYR:CG;4.5
HY;A:24-TYR:CE1;A:36-TYR:CD1;3.7
AR;A:24-TYR:CE1;A:36-TYR:CD1;3.7
HY;A:24-TYR:CE1;A:36-TYR:CE1;4.4
HY;A:24-TYR:CE2;A:26-ALA:CB;3.9
HB;A:25-CYS:N;A:4-CYS:SG;3.8
HY;A:25-CYS:CB;A:4-CYS:CB;3.4
HY;A:25-CYS:CB;A:8-GLN:CG;4.1
HY;A:25-CYS:CB;A:30-LYS:CB;3.9
HB;A:25-CYS:SG;A:4-CYS:N;3.8
HB;A:25-CYS:SG;A:4-CYS:SG;1.6
HB;A:25-CYS:SG;A:30-LYS:O;3.9
HB;A:26-ALA:N;A:32-THR:O;2.4
HY;A:26-ALA:CB;A:24-TYR:CD2;4.2
HY;A:26-ALA:CB;A:24-TYR:CE2;3.9
HB;A:26-ALA:O;A:30-LYS:N;3.6
HB;A:26-ALA:O;A:31-GLN:N;3.3
HB;A:26-ALA:O;A:32-THR:N;2.8
HB;A:26-ALA:O;A:32-THR:OG1;3.8
HB;A:27-GLY:O;A:30-LYS:N;3.2
HY;A:28-LEU:CB;A:29-PHE:CD2;4.1
HY;A:28-LEU:CB;A:29-PHE:CE2;4.4
HY;A:28-LEU:CG;A:29-PHE:CD2;4.3
HY;A:28-LEU:CG;A:29-PHE:CE2;4.2
HY;A:28-LEU:CG;A:29-PHE:CZ;4.5
HY;A:28-LEU:CD2;A:29-PHE:CD2;4.5
HY;A:28-LEU:CD2;A:29-PHE:CE2;3.9
HY;A:28-LEU:CD2;A:29-PHE:CZ;4.3
HY;A:29-PHE:CB;A:31-GLN:CG;3.8
HY;A:29-PHE:CD2;A:28-LEU:CB;4.1
HY;A:29-PHE:CD2;A:28-LEU:CG;4.3
HY;A:29-PHE:CD2;A:28-LEU:CD2;4.5
HY;A:29-PHE:CE2;A:28-LEU:CB;4.4
HY;A:29-PHE:CE2;A:28-LEU:CG;4.2
HY;A:29-PHE:CE2;A:28-LEU:CD2;3.9
HY;A:29-PHE:CZ;A:28-LEU:CG;4.5
HY;A:29-PHE:CZ;A:28-LEU:CD2;4.3
HB;A:30-LYS:N;A:26-ALA:O;3.6
HB;A:30-LYS:N;A:27-GLY:O;3.2
HY;A:30-LYS:CB;A:5-PRO:CB;3.5
HY;A:30-LYS:CB;A:25-CYS:CB;3.9
HB;A:30-LYS:O;A:4-CYS:SG;3.8
HB;A:30-LYS:O;A:25-CYS:SG;3.9
HY;A:30-LYS:CD;A:5-PRO:CB;4.5
HB;A:31-GLN:N;A:26-ALA:O;3.3
HY;A:31-GLN:CG;A:29-PHE:CB;3.8
HB;A:32-THR:N;A:26-ALA:O;2.8
HB;A:32-THR:O;A:26-ALA:N;2.4
HB;A:32-THR:OG1;A:26-ALA:O;3.8
HY;A:33-CYS:CB;A:2-PHE:CB;3.6
HY;A:33-CYS:CB;A:2-PHE:CG;4.0
HY;A:33-CYS:CB;A:2-PHE:CD2;4.3
HY;A:33-CYS:CB;A:11-CYS:CB;3.8
HB;A:33-CYS:SG;A:11-CYS:O;3.8
HB;A:33-CYS:SG;A:11-CYS:SG;1.3
HB;A:33-CYS:SG;A:15-CYS:SG;3.9
HB;A:33-CYS:SG;A:34-THR:N;3.7
HB;A:34-THR:N;A:24-TYR:O;2.6
HB;A:34-THR:O;A:24-TYR:N;2.8
HY;A:34-THR:CG2;A:24-TYR:CE1;4.1
HB;A:35-CYS:N;A:15-CYS:SG;3.9
HY;A:35-CYS:CB;A:15-CYS:CB;3.8
HY;A:35-CYS:CB;A:18-ILE:CD1;4.5
HY;A:35-CYS:CB;A:20-ARG:CB;4.1
HY;A:35-CYS:CB;A:20-ARG:CG;3.9
HB;A:35-CYS:SG;A:15-CYS:SG;1.8
HB;A:36-TYR:N;A:22-GLY:O;2.8
HB;A:36-TYR:O;A:21-ARG:N;3.1
HB;A:36-TYR:O;A:22-GLY:N;3.6
HY;A:36-TYR:CG;A:24-TYR:CE1;4.5
HY;A:36-TYR:CD1;A:24-TYR:CD1;3.5
AR;A:36-TYR:CD1;A:24-TYR:CD1;3.5
HY;A:36-TYR:CD1;A:24-TYR:CE1;3.7
AR;A:36-TYR:CD1;A:24-TYR:CE1;3.7
HY;A:36-TYR:CD2;A:21-ARG:CB;4.2
HY;A:36-TYR:CE1;A:24-TYR:CD1;3.8
AR;A:36-TYR:CE1;A:24-TYR:CD1;3.8
HY;A:36-TYR:CE1;A:24-TYR:CE1;4.4
HY;A:36-TYR:CE2;A:21-ARG:CB;4.0
HY;A:36-TYR:CE2;A:21-ARG:CG;4.2
RE;A:37-ARG:NE;A:20-ARG:NE;5.7
