CONTACT;RES1:ATOM;RES2:ATOM;DIST
HB;A:1-GLU:O;A:5-LYS:N;3.8
HB;A:2-TYR:O;A:5-LYS:N;3.6
HB;A:2-TYR:O;A:6-THR:N;3.1
HB;A:2-TYR:O;A:6-THR:OG1;2.8
HB;A:3-ALA:O;A:6-THR:N;3.5
HB;A:3-ALA:O;A:7-GLU:N;3.0
HB;A:4-ALA:O;A:7-GLU:N;3.4
HB;A:4-ALA:O;A:8-LEU:N;3.0
HB;A:5-LYS:N;A:1-GLU:O;3.8
HB;A:5-LYS:N;A:2-TYR:O;3.6
HB;A:5-LYS:O;A:8-LEU:N;3.4
HB;A:5-LYS:O;A:9-VAL:N;2.8
HY;A:5-LYS:CG;A:9-VAL:CG2;4.3
HB;A:6-THR:N;A:2-TYR:O;3.1
HB;A:6-THR:N;A:3-ALA:O;3.5
HB;A:6-THR:O;A:9-VAL:N;3.5
HB;A:6-THR:O;A:10-GLY:N;2.8
HB;A:6-THR:OG1;A:2-TYR:O;2.8
HB;A:7-GLU:N;A:3-ALA:O;3.0
HB;A:7-GLU:N;A:4-ALA:O;3.4
HB;A:7-GLU:O;A:10-GLY:N;3.4
HB;A:7-GLU:O;A:11-LYS:N;2.9
HY;A:7-GLU:CG;A:11-LYS:CD;4.5
AT;A:7-GLU:OE1;A:11-LYS:NZ;3.8
HB;A:7-GLU:OE1;A:11-LYS:NZ;3.8
SB;A:7-GLU:OE1;A:11-LYS:NZ;3.8
AT;A:7-GLU:OE2;A:11-LYS:NZ;5.2
HB;A:8-LEU:N;A:4-ALA:O;3.0
HB;A:8-LEU:N;A:5-LYS:O;3.4
HB;A:8-LEU:O;A:11-LYS:N;3.2
HB;A:8-LEU:O;A:12-GLN:N;2.9
HB;A:9-VAL:N;A:5-LYS:O;2.8
HB;A:9-VAL:N;A:6-THR:O;3.5
HB;A:9-VAL:O;A:12-GLN:N;3.4
HB;A:9-VAL:O;A:13-ALA:N;2.9
HY;A:9-VAL:CG2;A:5-LYS:CG;4.3
HB;A:10-GLY:N;A:6-THR:O;2.8
HB;A:10-GLY:N;A:7-GLU:O;3.4
HB;A:10-GLY:O;A:13-ALA:N;3.4
HB;A:10-GLY:O;A:14-MET:N;2.9
HB;A:11-LYS:N;A:7-GLU:O;2.9
HB;A:11-LYS:N;A:8-LEU:O;3.2
HB;A:11-LYS:O;A:14-MET:N;3.3
HB;A:11-LYS:O;A:15-ALA:N;2.8
HY;A:11-LYS:CD;A:7-GLU:CG;4.5
AT;A:11-LYS:NZ;A:7-GLU:OE1;3.8
HB;A:11-LYS:NZ;A:7-GLU:OE1;3.8
SB;A:11-LYS:NZ;A:7-GLU:OE1;3.8
AT;A:11-LYS:NZ;A:7-GLU:OE2;5.2
HB;A:12-GLN:N;A:8-LEU:O;2.9
HB;A:12-GLN:N;A:9-VAL:O;3.4
HB;A:12-GLN:O;A:15-ALA:N;3.2
HB;A:12-GLN:O;A:16-ASP:N;2.8
HB;A:13-ALA:N;A:9-VAL:O;2.9
HB;A:13-ALA:N;A:10-GLY:O;3.4
HB;A:13-ALA:O;A:16-ASP:N;3.3
HB;A:13-ALA:O;A:17-PHE:N;2.8
HB;A:14-MET:N;A:10-GLY:O;2.9
HB;A:14-MET:N;A:11-LYS:O;3.3
HB;A:14-MET:O;A:17-PHE:N;3.2
HB;A:14-MET:O;A:18-GLU:N;2.9
HB;A:15-ALA:N;A:11-LYS:O;2.8
HB;A:15-ALA:N;A:12-GLN:O;3.2
HB;A:15-ALA:O;A:18-GLU:N;3.3
HB;A:15-ALA:O;A:19-ARG:N;3.1
HB;A:15-ALA:O;A:19-ARG:NE;3.8
HB;A:15-ALA:O;A:19-ARG:NH1;3.4
HB;A:15-ALA:O;A:19-ARG:NH2;3.8
HB;A:16-ASP:N;A:12-GLN:O;2.8
HB;A:16-ASP:N;A:13-ALA:O;3.3
HB;A:16-ASP:O;A:19-ARG:N;3.3
HB;A:16-ASP:O;A:20-ASN:N;2.9
HB;A:16-ASP:O;A:20-ASN:ND2;2.9
AT;A:16-ASP:OD1;A:19-ARG:NE;3.5
HB;A:16-ASP:OD1;A:19-ARG:NE;3.5
SB;A:16-ASP:OD1;A:19-ARG:NE;3.5
AT;A:16-ASP:OD1;A:19-ARG:NH1;3.9
HB;A:16-ASP:OD1;A:19-ARG:NH1;3.9
SB;A:16-ASP:OD1;A:19-ARG:NH1;3.9
HB;A:16-ASP:OD1;A:19-ARG:NH2;1.6
SB;A:16-ASP:OD1;A:19-ARG:NH2;1.6
AT;A:16-ASP:OD1;A:19-ARG:CZ;2.9
AT;A:16-ASP:OD2;A:19-ARG:NE;5.7
AT;A:16-ASP:OD2;A:19-ARG:NH1;6.0
AT;A:16-ASP:OD2;A:19-ARG:NH2;3.8
HB;A:16-ASP:OD2;A:19-ARG:NH2;3.8
SB;A:16-ASP:OD2;A:19-ARG:NH2;3.8
AT;A:16-ASP:OD2;A:19-ARG:CZ;5.1
HB;A:17-PHE:N;A:13-ALA:O;2.8
HB;A:17-PHE:N;A:14-MET:O;3.2
HB;A:17-PHE:O;A:20-ASN:N;3.2
HB;A:17-PHE:O;A:21-VAL:N;2.9
HY;A:17-PHE:CG;A:21-VAL:CG2;4.3
HY;A:17-PHE:CD1;A:21-VAL:CG2;4.0
HY;A:17-PHE:CD2;A:21-VAL:CG2;4.2
HY;A:17-PHE:CE1;A:21-VAL:CG2;3.6
HY;A:17-PHE:CE2;A:21-VAL:CG2;3.9
HY;A:17-PHE:CZ;A:21-VAL:CG2;3.6
HB;A:18-GLU:N;A:14-MET:O;2.9
HB;A:18-GLU:N;A:15-ALA:O;3.3
HB;A:18-GLU:O;A:21-VAL:N;3.4
HB;A:18-GLU:O;A:22-MET:N;3.0
HB;A:19-ARG:N;A:15-ALA:O;3.1
HB;A:19-ARG:N;A:16-ASP:O;3.3
HB;A:19-ARG:O;A:22-MET:N;3.3
HB;A:19-ARG:O;A:23-LEU:N;2.9
HB;A:19-ARG:NE;A:15-ALA:O;3.8
AT;A:19-ARG:NE;A:16-ASP:OD1;3.5
HB;A:19-ARG:NE;A:16-ASP:OD1;3.5
SB;A:19-ARG:NE;A:16-ASP:OD1;3.5
AT;A:19-ARG:NE;A:16-ASP:OD2;5.7
HB;A:19-ARG:NH1;A:15-ALA:O;3.4
AT;A:19-ARG:NH1;A:16-ASP:OD1;3.9
HB;A:19-ARG:NH1;A:16-ASP:OD1;3.9
SB;A:19-ARG:NH1;A:16-ASP:OD1;3.9
AT;A:19-ARG:NH1;A:16-ASP:OD2;6.0
HB;A:19-ARG:NH2;A:15-ALA:O;3.8
HB;A:19-ARG:NH2;A:16-ASP:OD1;1.6
SB;A:19-ARG:NH2;A:16-ASP:OD1;1.6
AT;A:19-ARG:NH2;A:16-ASP:OD2;3.8
HB;A:19-ARG:NH2;A:16-ASP:OD2;3.8
SB;A:19-ARG:NH2;A:16-ASP:OD2;3.8
AT;A:19-ARG:CZ;A:16-ASP:OD1;2.9
AT;A:19-ARG:CZ;A:16-ASP:OD2;5.1
HB;A:20-ASN:N;A:16-ASP:O;2.9
HB;A:20-ASN:N;A:17-PHE:O;3.2
HB;A:20-ASN:O;A:23-LEU:N;3.3
HB;A:20-ASN:O;A:24-GLN:N;2.8
HB;A:20-ASN:ND2;A:16-ASP:O;2.9
HB;A:21-VAL:N;A:17-PHE:O;2.9
HB;A:21-VAL:N;A:18-GLU:O;3.4
HB;A:21-VAL:O;A:24-GLN:N;3.3
HB;A:21-VAL:O;A:25-ALA:N;2.9
HY;A:21-VAL:CG2;A:17-PHE:CG;4.3
HY;A:21-VAL:CG2;A:17-PHE:CD1;4.0
HY;A:21-VAL:CG2;A:17-PHE:CD2;4.2
HY;A:21-VAL:CG2;A:17-PHE:CE1;3.6
HY;A:21-VAL:CG2;A:17-PHE:CE2;3.9
HY;A:21-VAL:CG2;A:17-PHE:CZ;3.6
HB;A:22-MET:N;A:18-GLU:O;3.0
HB;A:22-MET:N;A:19-ARG:O;3.3
HB;A:22-MET:O;A:25-ALA:N;3.2
HB;A:22-MET:O;A:26-ILE:N;2.9
HB;A:23-LEU:N;A:19-ARG:O;2.9
HB;A:23-LEU:N;A:20-ASN:O;3.3
HB;A:23-LEU:O;A:26-ILE:N;3.3
HB;A:23-LEU:O;A:27-ASP:N;2.7
HB;A:24-GLN:N;A:20-ASN:O;2.8
HB;A:24-GLN:N;A:21-VAL:O;3.3
HB;A:24-GLN:O;A:27-ASP:N;3.3
HB;A:24-GLN:O;A:28-ASN:N;2.7
HB;A:24-GLN:O;A:28-ASN:ND2;3.4
HB;A:25-ALA:N;A:21-VAL:O;2.9
HB;A:25-ALA:N;A:22-MET:O;3.2
HB;A:25-ALA:O;A:28-ASN:N;3.3
HB;A:25-ALA:O;A:29-GLN:N;2.8
HB;A:26-ILE:N;A:22-MET:O;2.9
HB;A:26-ILE:N;A:23-LEU:O;3.3
HB;A:26-ILE:O;A:29-GLN:N;3.2
HB;A:26-ILE:O;A:30-TRP:N;2.8
HB;A:26-ILE:O;A:30-TRP:NE1;3.8
HY;A:26-ILE:CG2;A:30-TRP:CG;4.4
HB;A:27-ASP:N;A:23-LEU:O;2.7
HB;A:27-ASP:N;A:24-GLN:O;3.3
HB;A:27-ASP:O;A:30-TRP:N;3.4
HB;A:27-ASP:O;A:31-ARG:N;3.1
AT;A:27-ASP:OD1;A:31-ARG:NE;4.0
AT;A:27-ASP:OD1;A:31-ARG:NH1;5.5
AT;A:27-ASP:OD1;A:31-ARG:NH2;4.1
AT;A:27-ASP:OD1;A:31-ARG:CZ;4.4
AT;A:27-ASP:OD2;A:31-ARG:NE;3.0
HB;A:27-ASP:OD2;A:31-ARG:NE;3.0
SB;A:27-ASP:OD2;A:31-ARG:NE;3.0
AT;A:27-ASP:OD2;A:31-ARG:NH1;4.9
AT;A:27-ASP:OD2;A:31-ARG:NH2;3.5
HB;A:27-ASP:OD2;A:31-ARG:NH2;3.5
SB;A:27-ASP:OD2;A:31-ARG:NH2;3.5
AT;A:27-ASP:OD2;A:31-ARG:CZ;3.6
HB;A:28-ASN:N;A:24-GLN:O;2.7
HB;A:28-ASN:N;A:25-ALA:O;3.3
HB;A:28-ASN:O;A:31-ARG:N;3.3
HB;A:28-ASN:O;A:32-GLU:N;3.1
HB;A:28-ASN:ND2;A:24-GLN:O;3.4
HB;A:29-GLN:N;A:25-ALA:O;2.8
HB;A:29-GLN:N;A:26-ILE:O;3.2
HB;A:29-GLN:O;A:32-GLU:N;3.4
HB;A:29-GLN:O;A:33-HIS:N;3.0
HB;A:29-GLN:O;A:33-HIS:NE2;3.9
HB;A:29-GLN:NE2;A:33-HIS:NE2;3.6
HB;A:30-TRP:N;A:26-ILE:O;2.8
HB;A:30-TRP:N;A:27-ASP:O;3.4
HB;A:30-TRP:O;A:33-HIS:N;3.3
HB;A:30-TRP:O;A:34-LEU:N;3.0
HY;A:30-TRP:CG;A:26-ILE:CG2;4.4
HB;A:30-TRP:NE1;A:26-ILE:O;3.8
HB;A:31-ARG:N;A:27-ASP:O;3.1
HB;A:31-ARG:N;A:28-ASN:O;3.3
HB;A:31-ARG:O;A:34-LEU:N;3.3
HB;A:31-ARG:O;A:35-ALA:N;2.8
AT;A:31-ARG:NE;A:27-ASP:OD1;4.0
AT;A:31-ARG:NE;A:27-ASP:OD2;3.0
HB;A:31-ARG:NE;A:27-ASP:OD2;3.0
SB;A:31-ARG:NE;A:27-ASP:OD2;3.0
AT;A:31-ARG:NH1;A:27-ASP:OD1;5.5
AT;A:31-ARG:NH1;A:27-ASP:OD2;4.9
AT;A:31-ARG:NH2;A:27-ASP:OD1;4.1
AT;A:31-ARG:NH2;A:27-ASP:OD2;3.5
HB;A:31-ARG:NH2;A:27-ASP:OD2;3.5
SB;A:31-ARG:NH2;A:27-ASP:OD2;3.5
AT;A:31-ARG:CZ;A:27-ASP:OD1;4.4
AT;A:31-ARG:CZ;A:27-ASP:OD2;3.6
HB;A:32-GLU:N;A:28-ASN:O;3.1
HB;A:32-GLU:N;A:29-GLN:O;3.4
HB;A:32-GLU:O;A:35-ALA:N;3.5
HB;A:32-GLU:O;A:36-ALA:N;3.3
HB;A:33-HIS:N;A:29-GLN:O;3.0
HB;A:33-HIS:N;A:30-TRP:O;3.3
HB;A:33-HIS:O;A:36-ALA:N;3.7
HB;A:33-HIS:NE2;A:29-GLN:O;3.9
HB;A:33-HIS:NE2;A:29-GLN:NE2;3.6
HB;A:34-LEU:N;A:30-TRP:O;3.0
HB;A:34-LEU:N;A:31-ARG:O;3.3
HB;A:35-ALA:N;A:31-ARG:O;2.8
HB;A:35-ALA:N;A:32-GLU:O;3.5
HB;A:36-ALA:N;A:32-GLU:O;3.3
HB;A:36-ALA:N;A:33-HIS:O;3.7
