CONTACT;RES1:ATOM;RES2:ATOM;DIST
HB;A:3-ASP:OD1;A:4-LYS:N;3.8
HB;A:3-ASP:OD1;A:5-ARG:N;3.2
AT;A:3-ASP:OD1;A:5-ARG:NE;3.3
HB;A:3-ASP:OD1;A:5-ARG:NE;3.3
SB;A:3-ASP:OD1;A:5-ARG:NE;3.3
AT;A:3-ASP:OD1;A:5-ARG:NH1;5.0
AT;A:3-ASP:OD1;A:5-ARG:NH2;4.4
AT;A:3-ASP:OD1;A:5-ARG:CZ;4.1
AT;A:3-ASP:OD2;A:5-ARG:NE;3.8
HB;A:3-ASP:OD2;A:5-ARG:NE;3.8
SB;A:3-ASP:OD2;A:5-ARG:NE;3.8
AT;A:3-ASP:OD2;A:5-ARG:NH1;4.8
AT;A:3-ASP:OD2;A:5-ARG:NH2;3.7
HB;A:3-ASP:OD2;A:5-ARG:NH2;3.7
SB;A:3-ASP:OD2;A:5-ARG:NH2;3.7
AT;A:3-ASP:OD2;A:5-ARG:CZ;3.9
AT;A:5-ARG:NE;A:3-ASP:OD1;3.3
HB;A:5-ARG:NE;A:3-ASP:OD1;3.3
SB;A:5-ARG:NE;A:3-ASP:OD1;3.3
AT;A:5-ARG:NE;A:3-ASP:OD2;3.8
HB;A:5-ARG:NE;A:3-ASP:OD2;3.8
SB;A:5-ARG:NE;A:3-ASP:OD2;3.8
AT;A:5-ARG:NH1;A:3-ASP:OD1;5.0
AT;A:5-ARG:NH1;A:3-ASP:OD2;4.8
AT;A:5-ARG:NH2;A:3-ASP:OD1;4.4
AT;A:5-ARG:NH2;A:3-ASP:OD2;3.7
HB;A:5-ARG:NH2;A:3-ASP:OD2;3.7
SB;A:5-ARG:NH2;A:3-ASP:OD2;3.7
AT;A:5-ARG:CZ;A:3-ASP:OD1;4.1
AT;A:5-ARG:CZ;A:3-ASP:OD2;3.9
HB;A:7-ASN:O;A:10-ASP:N;3.3
HB;A:7-ASN:OD1;A:8-LEU:N;3.8
HB;A:7-ASN:OD1;A:9-LEU:N;3.2
HB;A:8-LEU:O;A:11-ALA:N;3.4
HB;A:9-LEU:O;A:12-ALA:N;3.4
HB;A:10-ASP:N;A:7-ASN:O;3.3
HB;A:10-ASP:O;A:13-ARG:N;3.7
AT;A:10-ASP:OD1;A:13-ARG:NH1;5.7
HB;A:11-ALA:N;A:8-LEU:O;3.4
HB;A:12-ALA:N;A:9-LEU:O;3.4
HB;A:13-ARG:N;A:10-ASP:O;3.7
AT;A:13-ARG:NH1;A:10-ASP:OD1;5.7
